Date,Day No,Daily measure,Cumulative deviation,Measure interval,Daily Deviation,Position,Unnamed: 7,Unnamed: 8,Unnamed: 9,Unnamed: 10,Unnamed: 11,Unnamed: 12,Unnamed: 13,Unnamed: 14,Unnamed: 15,Unnamed: 16,Unnamed: 17,Unnamed: 18,Unnamed: 19,Unnamed: 20,Unnamed: 21,Unnamed: 22,Unnamed: 23
2024-06-07,1.0,-0.5,,1.0,,at 11:30AM,,,27 June 24 Amplitude = 360,,,,,,,,,,,,,,
2024-06-08,2.0,19.0,,1.0,19.5,,,,,,,,,,,,,,,,,,
2024-06-09,3.0,-15.0,,1.0,-29.0,Adjusted,15 at 11:30,,,,,,,,,,,,,,,,
2024-06-10,4.0,-15.0,0.0,1.0,0.0,,,,,,,,,,,,,,,,,,
2024-06-11,5.0,-14.0,1.0,1.0,1.0,,,,,,,,,,,,,,,,,,
2024-06-12,6.0,-13.0,2.0,1.0,1.0,,,,,,,,,,,,,,,,,,
2024-06-13,7.0,-12.0,3.0,1.0,1.0,,,,,,,,,,,,,,,,,,
2024-06-14,8.0,-10.0,5.0,1.0,2.0,,,,,,,,,,,,,,,,,,
2024-06-15,9.0,-8.5,6.5,1.0,1.5,fraction slow,,,,,,,,,,,,,,,,,
2024-06-16,10.0,-9.0,6.0,1.0,-0.5,,,,,,,,,,,,,,,,,,
2024-06-17,11.0,-9.5,5.5,1.0,-0.5,,,,,,,,,,,,,,,,,,
2024-06-18,12.0,-12.0,3.0,1.0,-2.5,,,,,,,,,,,,,,,,,,
2024-06-19,13.0,-12.5,2.5,1.0,-0.5,,,,,,,,,,,,,,,,,,
2024-06-20,14.0,-14.0,1.0,1.0,-1.5,,,,,,,,,,,,,,,,,,
2024-06-21,15.0,-16.0,-1.0,1.0,-2.0,,,,,,,,,,,,,,,,,,
2024-06-22,16.0,-17.0,-2.0,1.0,-1.0,fraction fast,,,,,,,,,,,,,,,,,
2024-06-23,17.0,-19.0,-4.0,1.0,-2.0,,,,,,,,,,,,,,,,,,
2024-06-24,18.0,-19.0,-4.0,1.0,0.0,,,,,,,,,,,,,,,,,,
2024-06-25,19.0,-21.0,-6.0,1.0,-2.0,,,,,,,,,,,,,,,,,,
2024-06-26,20.0,-23.0,-8.0,1.0,-2.0,1 line fast,,,,,,,,,,,,,,,,,
2024-06-27,21.0,-25.5,-10.5,1.0,-2.5,,,,,,,,,,,,,,,,,,
2024-06-28,22.0,-28.0,-13.0,1.0,-2.5,1 line fast,,,,,,,,,,,0.5333333333333333,,,,,,
2024-06-29,23.0,-27.0,-12.0,1.0,1.0,,,,,,,,-15,,,,61.9,,,,,,
2024-06-30,24.0,-26.0,-11.0,1.0,1.0,,,,,,,,,,,,,,,,,,
2024-07-01,25.0,-25.0,-10.0,1.0,1.0,,,,,,Actual,,2024-06-10 00:00:00,,,,,,,,,,
2024-07-02,26.0,-25.5,-10.5,1.0,-0.5,,,,,,0,0.0,0,,,,,,,,,,
2024-07-03,27.0,-24.0,-9.0,1.0,1.5,,,,,,34,0.5666666666666667,,,,,,,,,,,
2024-07-04,28.0,-23.5,-8.5,1.0,0.5,,,23.5,,,60,1.0,,,,,,,,,,,
2024-07-05,29.0,-22.0,-7.0,1.0,1.5,,,,,,80,1.3333333333333333,,,,,,,,,,,
2024-07-06,30.0,-20.0,-5.0,1.0,2.0,,,,,,90,1.5,0,,,,,,,,,,
2024-07-07,31.0,-18.0,-3.0,1.0,2.0,,,,,,105,1.75,,,,,,,,,,,
2024-07-08,32.0,-16.0,-1.0,1.0,2.0,,,,,,,,,,,,,,,,,,
2024-07-09,33.0,-15.5,-0.5,1.0,0.5,,,,,,120,2.0,0,,,,,,,,,,
2024-07-10,34.0,-14.5,0.5,1.0,1.0,0.5 line slow,,,,,140,2.3333333333333335,,,,,,,,,,,
2024-07-11,35.0,-12.0,3.0,1.0,2.5,,,,,,170,2.8333333333333335,0,,,,,,,,,,
2024-07-12,36.0,-2.5,12.5,1.0,9.5,,,,,,180,3.0,,,,,,,,,,,
2024-07-13,37.0,0.0,15.0,1.0,2.5,,,,,,210,3.5,0,,,,,,,,,,
2024-07-14,38.0,3.0,18.0,1.0,3.0,0.5 line slow,,,,,240,4.0,,,,,,,,,,,
2024-07-15,39.0,5.5,20.5,1.0,2.5,,,,,,270,4.5,0,,,,,,,,,,
2024-07-16,40.0,5.5,20.5,1.0,0.0,,,,,,300,5.0,,,,,,,,,,,
2024-07-17,41.0,5.0,20.0,1.0,-0.5,,,,,,360,6.0,0.5,,,,,,,,,,
2024-07-18,42.0,5.0,20.0,1.0,0.0,,,,,,400,6.666666666666667,,,,,,,,,,,
2024-07-19,43.0,4.0,19.0,1.0,-1.0,,,,,,420,7.0,0.5,,,,,,,,,,
2024-07-20,44.0,4.0,19.0,1.0,0.0,,,,,,470,7.833333333333333,,,,,,,,,,,
2024-07-21,45.0,1.0,16.0,1.0,-3.0,,,,,,500,8.333333333333334,,,,,,,,,,,
2024-07-22,46.0,-4.0,11.0,1.0,-5.0,,,,,,520,8.666666666666666,,,,,,,,,,,
2024-07-23,47.0,-11.0,4.0,1.0,-7.0,,,,,,540,9.0,1,,,,,,,,,,
2024-07-24,48.0,-18.0,-3.0,1.0,-7.0,,,,,,600,10.0,,,,,,,,,,,
2024-07-25,49.0,-25.0,-10.0,1.0,-7.0,,,,,,660,11.0,,,,,,,,,,,
2024-07-26,50.0,-30.5,-15.5,1.0,-5.5,0.25 line fast,,,,,700,11.666666666666666,,,,,,,,,,,
2024-07-27,51.0,-31.5,-16.5,1.0,-1.0,,,,,,750,12.5,1,,,,,,,,,,
2024-07-28,52.0,-32.0,-17.0,1.0,-0.5,,,,,,780,13.0,,,,,,,,,,,
2024-07-29,53.0,-32.5,-17.5,1.0,-0.5,,,,,,793,13.216666666666667,,,,,,,,,,,
2024-07-30,54.0,-32.25,-17.25,1.0,0.25,,,,,,840,14.0,,,,,,,,,,,
2024-07-31,55.0,-31.75,-16.75,1.0,0.5,,,,,,870,14.5,,,,,,,,,,,
2024-08-01,56.0,-33.0,-18.0,1.0,-1.25,,,,,,915,15.25,,,,,,,,,,,
2024-08-02,57.0,-34.0,-19.0,1.0,-1.0,,,,,,975,16.25,,,,,,,,,,,
2024-08-03,58.0,-34.5,-19.5,1.0,-0.5,,,,,,1020,17.0,,,,,,,,,,,750.0
2024-08-04,59.0,-36.0,-21.0,1.0,-1.5,,,,,,1040,17.2,,,,,,,,,,,
2024-08-05,60.0,-36.5,-21.5,1.0,-0.5,,,,,,1080,17.2,,,,,,,,,,,
2024-08-06,61.0,-37.5,-22.5,1.0,-1.0,,,,,,1140,19.0,,,,,,,,,,,
2024-08-07,62.0,-38.0,-23.0,1.0,-0.5,,,,,,1170,19.5,,,,,,,,,,,
2024-08-08,63.0,-38.5,-23.5,1.0,-0.5,,,,,,1200,20.0,,,,,,,,,,,
2024-08-09,64.0,-40.0,-25.0,1.0,-1.5,,,,,,1220,20.333333333333332,,,,,,,,,,,
2024-08-10,65.0,-41.5,-26.5,1.0,-1.5,,,,,,1240,20.666666666666668,,,,,,,,,,,
2024-08-11,66.0,-43.0,-28.0,1.0,-1.5,,,,,,1270,21.166666666666668,,,,,,,,,,,
2024-08-12,67.0,-44.0,-29.0,1.0,-1.0,,,,,,1320,22.0,,,,,,,,,,,
2024-08-13,68.0,-45.0,-30.0,1.0,-1.0,,,,,,1340,22.333333333333332,,,,,,,,,,,
2024-08-14,69.0,-53.0,-38.0,1.0,-8.0,,,,,,1357,22.616666666666667,,,,,,,,,,,
2024-08-15,70.0,-60.0,-45.0,1.0,-7.0,,,,,,1380,23.0,,,,,,,,,,,
2024-08-16,71.0,-66.5,-51.5,1.0,-6.5,,,,,,1410,23.5,,,,,,,,,,,
2024-08-17,72.0,-72.0,-57.0,1.0,-5.5,,,,,,1420,23.666666666666668,,,,,,,,,,,
2024-08-18,73.0,-76.0,-61.0,1.0,-4.0,,,,,,1440,24.0,1,,,,,,,,,,
2024-08-19,74.0,-78.0,-63.0,1.0,-2.0,,,,,,1467,24.45,,,,,,,,,,,
2024-08-20,75.0,-82.5,-67.5,1.0,-4.5,,,,,,1500,25.0,,,,,,,,,,,
2024-08-21,76.0,-88.0,-73.0,1.0,-5.5,,,,,,1539,25.65,,,,,,,,,,,
2024-08-22,77.0,-93.0,-78.0,1.0,-5.0,,,,,,1560,26.0,,,,,,,22.5,,,,
2024-08-23,78.0,-97.0,-82.0,1.0,-4.0,,,,,,1580,26.333333333333332,,,,,,,,,,,
2024-08-24,79.0,-98.0,-83.0,1.0,-1.0,,,,,,1590,26.5,,,,,,,,,,,
2024-08-25,80.0,-102.0,-87.0,1.0,-4.0,,,,,,1607,26.783333333333335,,,,,,,,,,,
2024-08-26,81.0,-105.75,-90.75,1.0,-3.75,,,,,,1620,27.0,,,,,,,,,,,
2024-08-27,82.0,-108.0,-93.0,1.0,-2.25,,,,,,1650,27.5,,,,,,,,,,,
2024-08-28,83.0,-109.0,-94.0,1.0,-1.0,,,,,,1680,28.0,,,,,,,,,,,
2024-08-29,84.0,-113.0,-98.0,1.0,-4.0,,,,,,1710,28.5,,,,,,,,,,,
2024-08-30,85.0,-114.5,-99.5,1.0,-1.5,,,,,,1730,28.833333333333332,,,,,,,,,,,
2024-08-31,86.0,-120.0,-105.0,1.0,-5.5,,,,,,1748,29.133333333333333,,,,,,,,,,,
2024-09-01,87.0,-124.0,-109.0,1.0,-4.0,,,,,,1759,29.316666666666666,,,,,,,,,,,
2024-09-02,88.0,-126.5,-111.5,1.0,-2.5,,,,,,1800,30.0,,,,,,,,,,,
2024-09-03,89.0,-129.0,-114.0,1.0,-2.5,Steadied,,,,,1860,31.0,,,,,,,,,,,
2024-09-04,90.0,-131.0,-116.0,1.0,-2.0,Steadied,,,,,1882,31.366666666666667,,,,,,,,,,,
2024-09-05,91.0,-136.0,-121.0,1.0,-5.0,Steadied,,,,,1920,32.0,,,,,,,,,,,
2024-09-06,92.0,-138.0,-123.0,1.0,-2.0,Steadied,,,,,1950,32.5,,,,,,,,,,,
2024-09-07,93.0,-141.0,-126.0,1.0,-3.0,Steadied,,,,,1980,33.0,,,,,,,,,,,
2024-09-08,94.0,-144.0,-129.0,1.0,-3.0,Steadied,,,,,2070,34.5,,,,,,,,,,,
2024-09-09,95.0,-147.0,-132.0,1.0,-3.0,Steadied,,,,,,,,,,,,,,,,,
2024-09-10,96.0,-144.0,-129.0,1.0,3.0,Steadied,,,,,,,,,,,,,,,,,
2024-09-11,97.0,-143.0,-128.0,1.0,1.0,Steadied,,,,,,,,,,,,,,,,,
2024-09-12,98.0,-144.0,-129.0,1.0,-1.0,Steadied,,,,,,,,,,,,,,,,,
2024-09-13,99.0,-144.0,-129.0,1.0,0.0,Steadied,,,,,,,,,,,,,,,,,
2024-09-14,100.0,-144.0,-129.0,1.0,0.0,Steadied,,,,,,,,,,,,,,,,,
2024-09-15,101.0,-149.0,-134.0,1.0,-5.0,Steadied,,,,,,,,,,,,,,,,,
2024-09-16,102.0,-152.0,-137.0,1.0,-3.0,Steadied,,,,,,,,,,,,,,,,,
2024-09-17,103.0,-156.0,-141.0,1.0,-4.0,Steadied,,,,,,,,,,,,,,,,,
2024-09-18,104.0,-162.0,-147.0,1.0,-6.0,Steadied,,,,,,,,,,,,,,,,,
2024-09-19,105.0,-165.0,-150.0,1.0,-3.0,Steadied,,,,,,,,,,,,,,,,,
2024-09-20,106.0,-169.0,-154.0,1.0,-4.0,Steadied,,,,,,,,,,,,,,,,,
2024-09-21,107.0,-172.0,-157.0,1.0,-3.0,Steadied,,,,,,,,,,,,,,,,,
2024-09-22,108.0,-173.0,-158.0,1.0,-1.0,Steadied,,,,,,,,,,,,,,,,,
2024-09-23,109.0,-173.0,-158.0,1.0,0.0,Steadied,,,,,,,,,,,,,,,,,
2024-09-24,110.0,,,,,,,,,,,,,,,,,,,,,,
2024-09-25,111.0,,,,,,,,,,,,,,,,,,,,,,
2024-09-26,112.0,,,,,,,,,,,,,,,,,,,,,,
2024-09-27,113.0,-4.0,-158.0,,,,,,,,,,,,,,,,,,,,
2024-09-28,114.0,-3.0,-157.0,1.0,1.0,Steadied,,,,,,,,,,,,,,,,,
2024-09-29,115.0,-3.0,-157.0,1.0,0.0,Steadied,,,,,,,,,,,,,,,,,
2024-09-30,116.0,-3.0,-157.0,1.0,0.0,Steadied,,,,,,,,,,,,,,,,,
2024-10-01,117.0,-1.0,-155.0,1.0,2.0,Steadied,,,,,,,,,,,,,,,,,
2024-10-02,118.0,1.5,-152.5,1.0,2.5,Steadied,,,,,,,,,,,,,,,,,
2024-10-03,119.0,2.5,-151.5,1.0,1.0,Steadied,,,,,,,,,,,,,,,,,
2024-10-04,120.0,4.0,-150.0,1.0,1.5,Steadied,,,,,,,,,,,,,,,,,
2024-10-05,121.0,4.0,-150.0,1.0,0.0,Steadied,,,,,,,,,,,,,,,,,
2024-10-06,122.0,8.0,-146.0,1.0,4.0,Steadied,,,,,,,,,,,,,,,,,
2024-10-07,123.0,7.5,-146.5,1.0,-0.5,Steadied,,,,,,,,,,,,,,,,,
2024-10-08,124.0,9.5,-144.5,1.0,2.0,Steadied,,,,,,,,,,,,,,,,,
2024-10-09,125.0,11.5,-142.5,1.0,2.0,Steadied,,,,,,,,,,,,,,,,,
2024-10-10,126.0,13.0,-141.0,1.0,1.5,Steadied,,,,,,,,,,,,,,,,,
2024-10-11,127.0,13.5,-140.5,1.0,0.5,Steadied,,,,,,,,,,,,,,,,,
2024-10-12,128.0,20.0,-134.0,1.0,6.5,Steadied,,,,,,,,,,,,,,,,,
2024-10-13,129.0,22.5,-131.5,1.0,2.5,Steadied,,,,,,,,,,,,,,,,,
2024-10-14,130.0,25.0,-129.0,1.0,2.5,Steadied,,,,,,,,,,,,,,,,,
2024-10-15,131.0,,,,,,,,,,,,,,,,,,,,,,
2024-10-16,132.0,,,,,,,,,,,,,,,,,,,,,,
2024-10-17,133.0,,,,,,,,,,,,,,,,,,,,,,
2024-10-18,134.0,,,,,,,,,,,,,,,,,,,,,,
2024-10-19,135.0,,,,,,,,,,,,,,,,,,,,,,
2024-10-20,136.0,,,,,,,,,,,,,,,,,,,,,,
2024-10-21,137.0,,,,,,,,,,,,,,,,,,,,,,
2024-10-22,138.0,,,,,,,,,,,,,,,,,,,,,,
2024-10-23,139.0,,,,,,,,,,,,,,,,,,,,,,
2024-10-24,140.0,,,,,,,,,,,,,,,,,,,,,,
2024-10-25,141.0,,,,,,,,,,,,,,,,,,,,,,
2024-10-26,142.0,,,,,,,,,,,,,,,,,,,,,,
2024-10-27,143.0,,,,,,,,,,,,,,,,,,,,,,
2024-10-28,144.0,,,,,,,,,,,,,,,,,,,,,,
2024-10-29,145.0,,,,,,,,,,,,,,,,,,,,,,
2024-10-30,146.0,,,,,,,,,,,,,,,,,,,,,,
2024-10-31,147.0,,,,,,,,,,,,,,,,,,,,,,
2024-11-01,148.0,,,,,,,,,,,,,,,,,,,,,,
2024-11-02,149.0,,,,,,,,,,,,,,,,,,,,,,
2024-11-03,150.0,,,,,,,,,,,,,,,,,,,,,,
2024-11-04,151.0,,,,,,,,,,,,,,,,,,,,,,
2024-11-05,152.0,,,,,,,,,,,,,,,,,,,,,,
2024-11-06,153.0,,,,,,,,,,,,,,,,,,,,,,
2024-11-07,154.0,,,,,,,,,,,,,,,,,,,,,,
2024-11-08,155.0,,,,,,,,,,,,,,,,,,,,,,
2024-11-09,156.0,,,,,,,,,,,,,,,,,,,,,,
2024-11-10,157.0,,,,,,,,,,,,,,,,,,,,,,
2024-11-11,158.0,,,,,,,,,,,,,,,,,,,,,,
2024-11-12,159.0,,,,,,,,,,,,,,,,,,,,,,
2024-11-13,160.0,,,,,,,,,,,,,,,,,,,,,,
2024-11-14,161.0,,,,,,,,,,,,,,,,,,,,,,
2024-11-15,162.0,,,,,,,,,,,,,,,,,,,,,,
2024-11-16,163.0,,,,,,,,,,,,,,,,,,,,,,
2024-11-17,164.0,,,,,,,,,,,,,,,,,,,,,,
2024-11-18,165.0,,,,,,,,,,,,,,,,,,,,,,
2024-11-19,166.0,,,,,,,,,,,,,,,,,,,,,,
2024-11-20,167.0,,,,,,,,,,,,,,,,,,,,,,
2024-11-21,168.0,,,,,,,,,,,,,,,,,,,,,,
2024-11-22,169.0,,,,,,,,,,,,,,,,,,,,,,
2024-11-23,170.0,,,,,,,,,,,,,,,,,,,,,,
2024-11-24,171.0,,,,,,,,,,,,,,,,,,,,,,
2024-11-25,172.0,,,,,,,,,,,,,,,,,,,,,,
2024-11-26,173.0,,,,,,,,,,,,,,,,,,,,,,
2024-11-27,174.0,,,,,,,,,,,,,,,,,,,,,,
2024-11-28,175.0,,,,,,,,,,,,,,,,,,,,,,
2024-11-29,176.0,,,,,,,,,,,,,,,,,,,,,,
2024-11-30,177.0,,,,,,,,,,,,,,,,,,,,,,
2024-12-01,178.0,,,,,,,,,,,,,,,,,,,,,,
2024-12-02,179.0,,,,,,,,,,,,,,,,,,,,,,
2024-12-03,180.0,,,,,,,,,,,,,,,,,,,,,,
2024-12-04,181.0,,,,,,,,,,,,,,,,,,,,,,
2024-12-05,182.0,,,,,,,,,,,,,,,,,,,,,,
2024-12-06,183.0,,,,,,,,,,,,,,,,,,,,,,
2024-12-07,184.0,,,,,,,,,,,,,,,,,,,,,,
2024-12-08,185.0,,,,,,,,,,,,,,,,,,,,,,
2024-12-09,186.0,,,,,,,,,,,,,,,,,,,,,,
2024-12-10,187.0,,,,,,,,,,,,,,,,,,,,,,
2024-12-11,188.0,,,,,,,,,,,,,,,,,,,,,,
2024-12-12,189.0,,,,,,,,,,,,,,,,,,,,,,
2024-12-13,190.0,,,,,,,,,,,,,,,,,,,,,,
2024-12-14,191.0,,,,,,,,,,,,,,,,,,,,,,
2024-12-15,192.0,,,,,,,,,,,,,,,,,,,,,,
2024-12-16,193.0,,,,,,,,,,,,,,,,,,,,,,
2024-12-17,194.0,,,,,,,,,,,,,,,,,,,,,,
2024-12-18,195.0,,,,,,,,,,,,,,,,,,,,,,
2024-12-19,196.0,,,,,,,,,,,,,,,,,,,,,,
2024-12-20,197.0,,,,,,,,,,,,,,,,,,,,,,
2024-12-21,198.0,,,,,,,,,,,,,,,,,,,,,,
2024-12-22,199.0,,,,,,,,,,,,,,,,,,,,,,
2024-12-23,200.0,,,,,,,,,,,,,,,,,,,,,,
2024-12-24,201.0,,,,,,,,,,,,,,,,,,,,,,
2024-12-25,,,,,,,,,,,,,,,,,,,,,,,
